LOOP_TIME 30
LOOP 1
PARTSMOTION 6
	PARTS 8
		TIME 0 MOVE 0.000000 -0.400000 0.000000 5 0
		TIME 5 MOVE 0.000000 0.000000 0.000000 10 0
		TIME 15 MOVE 0.000000 -0.400000 0.000000 5 0
		TIME 20 MOVE 0.000000 0.000000 0.000000 10 0
		TIME 0 SPIN 0.157080 0.000000 0.000000 5 0
		TIME 5 SPIN 0.000000 0.000000 0.000000 10 0
		TIME 15 SPIN 0.157080 0.000000 0.000000 5 0
		TIME 20 SPIN 0.000000 0.000000 0.000000 10 0
	PARTS_END
	PARTS 4
		TIME 0 SPIN 0.000000 0.078540 0.000000 5 0
		TIME 5 SPIN 0.000000 0.000000 0.000000 10 0
		TIME 15 SPIN 0.000000 0.078540 0.000000 5 0
		TIME 20 SPIN 0.000000 0.000000 0.000000 10 0
	PARTS_END
	PARTS 2
		TIME 0 SPIN 0.000000 0.000000 0.000000 5 0
		TIME 5 SPIN 0.000000 0.000000 0.471239 10 0
	PARTS_END
	PARTS 2
		TIME 15 SPIN 0.000000 0.000000 0.000000 5 0
		TIME 20 SPIN 0.000000 0.000000 -0.471239 10 0
	PARTS_END
	PARTS 6
		TIME 0 MOVE 0.000000 0.200000 0.000000 5 0
		TIME 5 MOVE 0.000000 0.000000 0.000000 10 0
		TIME 15 MOVE 0.000000 0.200000 0.000000 5 0
		TIME 20 MOVE 0.000000 0.000000 0.000000 10 0
		TIME 0 SPIN 0.785398 0.000000 0.000000 15 3
		TIME 15 SPIN -1.099557 0.000000 0.000000 15 3
	PARTS_END
	PARTS 6
		TIME 0 MOVE 0.000000 0.200000 0.000000 5 0
		TIME 5 MOVE 0.000000 0.000000 0.000000 10 0
		TIME 15 MOVE 0.000000 0.200000 0.000000 5 0
		TIME 20 MOVE 0.000000 0.000000 0.000000 10 0
		TIME 0 SPIN -0.785398 0.000000 0.000000 15 3
		TIME 15 SPIN 1.099557 0.000000 0.000000 15 3
	PARTS_END
PARTSMOTION_END
END
